   5.2238e-04  -3.0722e+00
   1.1511e-03  -2.5644e+00
   4.6342e-03  -2.4995e+00
   6.7153e-03  -2.4247e+00
   7.8203e-03  -2.3472e+00
   1.0337e-02  -2.2751e+00
   1.1902e-02  -2.2598e+00
   1.3283e-02  -2.2529e+00
   1.5403e-02  -2.2285e+00
   1.5487e-02  -2.2220e+00
   1.6983e-02  -2.1763e+00
   1.9578e-02  -2.1746e+00
   2.0536e-02  -2.1573e+00
   2.2513e-02  -2.1565e+00
   2.4434e-02  -2.0995e+00
   2.5228e-02  -2.0992e+00
   2.8674e-02  -2.0858e+00
   2.9220e-02  -2.0676e+00
   3.0541e-02  -2.0649e+00
   3.0890e-02  -2.0516e+00
   3.1833e-02  -2.0340e+00
   3.1991e-02  -2.0284e+00
   3.2601e-02  -1.9539e+00
   3.3604e-02  -1.9445e+00
   3.4446e-02  -1.9201e+00
   3.5712e-02  -1.9195e+00
   3.5763e-02  -1.9092e+00
   3.6563e-02  -1.9071e+00
   3.7235e-02  -1.9068e+00
   3.7739e-02  -1.9024e+00
   4.2431e-02  -1.8443e+00
   4.2652e-02  -1.8301e+00
   4.3024e-02  -1.7807e+00
   4.4454e-02  -1.7684e+00
   4.6171e-02  -1.7558e+00
   4.6351e-02  -1.7423e+00
   4.8447e-02  -1.7389e+00
   4.9533e-02  -1.7136e+00
   4.9654e-02  -1.7129e+00
   5.1332e-02  -1.6848e+00
   5.2078e-02  -1.6656e+00
   5.2677e-02  -1.6625e+00
   5.3754e-02  -1.6394e+00
   5.3950e-02  -1.6364e+00
   5.4239e-02  -1.6354e+00
   5.4974e-02  -1.6338e+00
   5.6705e-02  -1.6333e+00
   5.9403e-02  -1.6250e+00
   5.9619e-02  -1.6165e+00
   5.9780e-02  -1.6149e+00
   6.0019e-02  -1.5861e+00
   6.0471e-02  -1.5729e+00
   6.1591e-02  -1.5685e+00
   6.2045e-02  -1.5650e+00
   6.3405e-02  -1.5559e+00
   6.3591e-02  -1.5518e+00
   6.4187e-02  -1.5512e+00
   6.7993e-02  -1.5438e+00
   6.8806e-02  -1.5322e+00
   7.1445e-02  -1.5312e+00
   7.1453e-02  -1.5180e+00
   7.2885e-02  -1.5163e+00
   7.3995e-02  -1.5159e+00
   7.5854e-02  -1.5144e+00
   7.5967e-02  -1.5130e+00
   7.7347e-02  -1.5045e+00
   7.8176e-02  -1.4969e+00
   8.0862e-02  -1.4847e+00
   8.1126e-02  -1.4738e+00
   8.2071e-02  -1.4614e+00
   8.3470e-02  -1.4590e+00
   8.3483e-02  -1.4551e+00
   8.3821e-02  -1.4517e+00
   8.4436e-02  -1.4449e+00
   8.5516e-02  -1.4424e+00
   8.6235e-02  -1.4207e+00
   8.6667e-02  -1.4169e+00
   8.8527e-02  -1.4150e+00
   8.9892e-02  -1.4130e+00
   8.9951e-02  -1.4127e+00
   9.0823e-02  -1.4082e+00
   9.1113e-02  -1.3981e+00
   9.1499e-02  -1.3934e+00
   9.2352e-02  -1.3736e+00
   9.3371e-02  -1.3516e+00
   9.3820e-02  -1.3501e+00
   9.4229e-02  -1.3369e+00
   9.6455e-02  -1.3286e+00
   9.6730e-02  -1.3239e+00
   9.7132e-02  -1.3233e+00
   9.7540e-02  -1.3225e+00
   9.8519e-02  -1.3199e+00
   9.8594e-02  -1.3049e+00
   9.8712e-02  -1.2781e+00
   1.0022e-01  -1.2760e+00
   1.0061e-01  -1.2656e+00
   1.0167e-01  -1.2568e+00
   1.0401e-01  -1.2543e+00
   1.0481e-01  -1.2443e+00
   1.0485e-01  -1.2251e+00
   1.0563e-01  -1.2242e+00
   1.0571e-01  -1.2240e+00
   1.0580e-01  -1.2203e+00
   1.0592e-01  -1.2158e+00
   1.0622e-01  -1.2060e+00
   1.0665e-01  -1.2004e+00
   1.0676e-01  -1.1966e+00
   1.0777e-01  -1.1957e+00
   1.0882e-01  -1.1850e+00
   1.0915e-01  -1.1821e+00
   1.0970e-01  -1.1728e+00
   1.0976e-01  -1.1685e+00
   1.1035e-01  -1.1684e+00
   1.1112e-01  -1.1645e+00
   1.1120e-01  -1.1622e+00
   1.1171e-01  -1.1546e+00
   1.1228e-01  -1.1467e+00
   1.1742e-01  -1.1465e+00
   1.1749e-01  -1.1372e+00
   1.1816e-01  -1.1277e+00
   1.1900e-01  -1.1251e+00
   1.1921e-01  -1.1214e+00
   1.1940e-01  -1.1205e+00
   1.2019e-01  -1.0954e+00
   1.2061e-01  -1.0952e+00
   1.2086e-01  -1.0922e+00
   1.2308e-01  -1.0851e+00
   1.2332e-01  -1.0847e+00
   1.2393e-01  -1.0765e+00
   1.2487e-01  -1.0752e+00
   1.2533e-01  -1.0749e+00
   1.2650e-01  -1.0649e+00
   1.2699e-01  -1.0636e+00
   1.2789e-01  -1.0531e+00
   1.2801e-01  -1.0467e+00
   1.2991e-01  -1.0457e+00
   1.3015e-01  -1.0447e+00
   1.3197e-01  -1.0360e+00
   1.3208e-01  -1.0344e+00
   1.3317e-01  -1.0127e+00
   1.3393e-01  -1.0070e+00
   1.3412e-01  -1.0059e+00
   1.3430e-01  -1.0056e+00
   1.3607e-01  -1.0042e+00
   1.3629e-01  -1.0016e+00
   1.3655e-01  -9.9102e-01
   1.3862e-01  -9.8897e-01
   1.3887e-01  -9.8843e-01
   1.4189e-01  -9.8335e-01
   1.4203e-01  -9.7781e-01
   1.4204e-01  -9.6914e-01
   1.4495e-01  -9.6769e-01
   1.4554e-01  -9.6323e-01
   1.4651e-01  -9.6064e-01
   1.4761e-01  -9.5928e-01
   1.4929e-01  -9.5297e-01
   1.4987e-01  -9.5118e-01
   1.5000e-01  -9.5098e-01
   1.5185e-01  -9.5091e-01
   1.5238e-01  -9.4428e-01
   1.5272e-01  -9.4267e-01
   1.5359e-01  -9.4179e-01
   1.5366e-01  -9.3905e-01
   1.5437e-01  -9.3759e-01
   1.5475e-01  -9.3715e-01
   1.5640e-01  -9.3363e-01
   1.5761e-01  -9.2585e-01
   1.6113e-01  -9.1877e-01
   1.6148e-01  -9.1471e-01
   1.6218e-01  -9.1073e-01
   1.6261e-01  -9.0871e-01
   1.6351e-01  -9.0483e-01
   1.6357e-01  -8.9987e-01
   1.6565e-01  -8.9838e-01
   1.6620e-01  -8.9798e-01
   1.6646e-01  -8.9760e-01
   1.6717e-01  -8.9385e-01
   1.6725e-01  -8.8891e-01
   1.6793e-01  -8.8335e-01
   1.6825e-01  -8.8214e-01
   1.6899e-01  -8.7977e-01
   1.7043e-01  -8.7056e-01
   1.7071e-01  -8.6649e-01
   1.7112e-01  -8.6421e-01
   1.7119e-01  -8.5952e-01
   1.7339e-01  -8.5684e-01
   1.7501e-01  -8.5556e-01
   1.7567e-01  -8.5493e-01
   1.7587e-01  -8.5435e-01
   1.7711e-01  -8.4994e-01
   1.7760e-01  -8.4883e-01
   1.7812e-01  -8.4847e-01
   1.7813e-01  -8.4811e-01
   1.7877e-01  -8.3817e-01
   1.8074e-01  -8.3517e-01
   1.8185e-01  -8.3198e-01
   1.8292e-01  -8.3047e-01
   1.8351e-01  -8.2815e-01
   1.8391e-01  -8.2709e-01
   1.8419e-01  -8.2619e-01
   1.8443e-01  -8.1761e-01
   1.8482e-01  -8.1481e-01
   1.8687e-01  -8.1270e-01
   1.8746e-01  -8.0282e-01
   1.8866e-01  -7.9702e-01
   1.8896e-01  -7.9646e-01
   1.8907e-01  -7.9638e-01
   1.8971e-01  -7.9385e-01
   1.9043e-01  -7.9383e-01
   1.9092e-01  -7.9234e-01
   1.9175e-01  -7.9026e-01
   1.9203e-01  -7.8966e-01
   1.9251e-01  -7.8442e-01
   1.9476e-01  -7.7842e-01
   1.9625e-01  -7.7809e-01
   1.9660e-01  -7.7784e-01
   1.9666e-01  -7.7447e-01
   1.9705e-01  -7.7369e-01
   1.9781e-01  -7.7023e-01
   1.9812e-01  -7.6475e-01
   1.9986e-01  -7.5863e-01
   2.0549e-01  -7.5813e-01
   2.0567e-01  -7.5624e-01
   2.0598e-01  -7.4071e-01
   2.0603e-01  -7.2580e-01
   2.0774e-01  -7.2016e-01
   2.0846e-01  -7.1585e-01
   2.0893e-01  -7.0716e-01
   2.0895e-01  -7.0226e-01
   2.0941e-01  -6.8943e-01
   2.1203e-01  -6.8884e-01
   2.1216e-01  -6.8783e-01
   2.1260e-01  -6.8156e-01
   2.1602e-01  -6.7402e-01
   2.1756e-01  -6.7180e-01
   2.1868e-01  -6.7121e-01
   2.2175e-01  -6.6911e-01
   2.2381e-01  -6.6485e-01
   2.2404e-01  -6.6074e-01
   2.2592e-01  -6.5898e-01
   2.2619e-01  -6.5627e-01
   2.2766e-01  -6.5477e-01
   2.2784e-01  -6.5405e-01
   2.2867e-01  -6.5286e-01
   2.2895e-01  -6.4791e-01
   2.2898e-01  -6.3441e-01
   2.3049e-01  -6.3271e-01
   2.3159e-01  -6.3269e-01
   2.3478e-01  -6.3052e-01
   2.3483e-01  -6.3005e-01
   2.3623e-01  -6.2909e-01
   2.3728e-01  -6.2482e-01
   2.3737e-01  -6.2349e-01
   2.3992e-01  -6.1963e-01
   2.3993e-01  -6.1941e-01
   2.3995e-01  -6.1868e-01
   2.4048e-01  -6.1859e-01
   2.4071e-01  -6.1551e-01
   2.4169e-01  -6.1462e-01
   2.4249e-01  -6.0387e-01
   2.4279e-01  -6.0352e-01
   2.4285e-01  -5.9435e-01
   2.4352e-01  -5.8613e-01
   2.4673e-01  -5.8459e-01
   2.5104e-01  -5.8263e-01
   2.5108e-01  -5.8171e-01
   2.5181e-01  -5.8080e-01
   2.5428e-01  -5.8001e-01
   2.5479e-01  -5.7483e-01
   2.5510e-01  -5.7413e-01
   2.5539e-01  -5.7076e-01
   2.5644e-01  -5.6438e-01
   2.5751e-01  -5.6137e-01
   2.5761e-01  -5.5906e-01
   2.5779e-01  -5.5566e-01
   2.5806e-01  -5.5119e-01
   2.5987e-01  -5.4199e-01
   2.6073e-01  -5.3682e-01
   2.6187e-01  -5.3521e-01
   2.6215e-01  -5.3420e-01
   2.6221e-01  -5.3410e-01
   2.6248e-01  -5.3047e-01
   2.6297e-01  -5.2794e-01
   2.6380e-01  -5.2778e-01
   2.6478e-01  -5.2481e-01
   2.6528e-01  -5.1599e-01
   2.6618e-01  -5.0508e-01
   2.6647e-01  -5.0507e-01
   2.6906e-01  -5.0399e-01
   2.6912e-01  -5.0003e-01
   2.7027e-01  -4.9769e-01
   2.7029e-01  -4.9494e-01
   2.7294e-01  -4.9272e-01
   2.7603e-01  -4.9218e-01
   2.7692e-01  -4.8890e-01
   2.7850e-01  -4.8401e-01
   2.8101e-01  -4.8281e-01
   2.8187e-01  -4.8223e-01
   2.8584e-01  -4.8065e-01
   2.8750e-01  -4.7887e-01
   2.8785e-01  -4.7599e-01
   2.8798e-01  -4.7324e-01
   2.8906e-01  -4.6882e-01
   2.9019e-01  -4.6575e-01
   2.9044e-01  -4.5989e-01
   2.9157e-01  -4.5221e-01
   2.9198e-01  -4.4926e-01
   2.9397e-01  -4.4910e-01
   2.9407e-01  -4.4844e-01
   2.9415e-01  -4.4830e-01
   2.9553e-01  -4.4377e-01
   2.9632e-01  -4.4250e-01
   2.9668e-01  -4.4043e-01
   2.9735e-01  -4.3842e-01
   2.9824e-01  -4.2713e-01
   2.9923e-01  -4.2696e-01
   2.9994e-01  -4.2596e-01
   3.0125e-01  -4.2587e-01
   3.0131e-01  -4.2343e-01
   3.0145e-01  -4.2292e-01
   3.0635e-01  -4.2185e-01
   3.0737e-01  -4.2034e-01
   3.1110e-01  -4.1593e-01
   3.1122e-01  -4.1489e-01
   3.1272e-01  -4.0492e-01
   3.1343e-01  -4.0418e-01
   3.1581e-01  -4.0032e-01
   3.1643e-01  -3.9360e-01
   3.1710e-01  -3.9179e-01
   3.1743e-01  -3.9024e-01
   3.1748e-01  -3.8639e-01
   3.1752e-01  -3.8624e-01
   3.1807e-01  -3.8176e-01
   3.1852e-01  -3.7841e-01
   3.1878e-01  -3.7655e-01
   3.1960e-01  -3.7624e-01
   3.2247e-01  -3.7444e-01
   3.2515e-01  -3.7418e-01
   3.2583e-01  -3.7170e-01
   3.2757e-01  -3.7026e-01
   3.2881e-01  -3.6873e-01
   3.3083e-01  -3.6499e-01
   3.3086e-01  -3.6496e-01
   3.3209e-01  -3.6463e-01
   3.3294e-01  -3.6419e-01
   3.3416e-01  -3.6357e-01
   3.3531e-01  -3.6227e-01
   3.3536e-01  -3.5225e-01
   3.3585e-01  -3.5189e-01
   3.3712e-01  -3.5023e-01
   3.3758e-01  -3.4827e-01
   3.3772e-01  -3.4788e-01
   3.3810e-01  -3.4782e-01
   3.3949e-01  -3.4463e-01
   3.4039e-01  -3.4093e-01
   3.4112e-01  -3.4028e-01
   3.4388e-01  -3.2734e-01
   3.4446e-01  -3.2128e-01
   3.4771e-01  -3.2080e-01
   3.4788e-01  -3.1989e-01
   3.4998e-01  -3.1763e-01
   3.5022e-01  -3.1258e-01
   3.5073e-01  -3.0862e-01
   3.5078e-01  -3.0682e-01
   3.5095e-01  -3.0375e-01
   3.5166e-01  -3.0203e-01
   3.5316e-01  -3.0165e-01
   3.5923e-01  -3.0054e-01
   3.5961e-01  -2.9913e-01
   3.5963e-01  -2.9635e-01
   3.6241e-01  -2.9617e-01
   3.6582e-01  -2.9191e-01
   3.6644e-01  -2.8667e-01
   3.6744e-01  -2.8383e-01
   3.6765e-01  -2.8276e-01
   3.6848e-01  -2.8248e-01
   3.6892e-01  -2.8052e-01
   3.6920e-01  -2.7886e-01
   3.6925e-01  -2.7872e-01
   3.7241e-01  -2.7730e-01
   3.7627e-01  -2.7520e-01
   3.7740e-01  -2.7510e-01
   3.7861e-01  -2.7385e-01
   3.8045e-01  -2.6762e-01
   3.8135e-01  -2.6305e-01
   3.8156e-01  -2.6197e-01
   3.8462e-01  -2.6014e-01
   3.8677e-01  -2.5736e-01
   3.8827e-01  -2.5568e-01
   3.8974e-01  -2.5559e-01
   3.9076e-01  -2.5397e-01
   3.9094e-01  -2.5313e-01
   3.9118e-01  -2.5277e-01
   3.9223e-01  -2.4941e-01
   3.9346e-01  -2.4553e-01
   3.9471e-01  -2.4405e-01
   3.9552e-01  -2.4375e-01
   3.9601e-01  -2.4235e-01
   3.9652e-01  -2.4037e-01
   3.9679e-01  -2.3973e-01
   3.9680e-01  -2.3855e-01
   3.9859e-01  -2.3713e-01
   3.9888e-01  -2.3511e-01
   3.9926e-01  -2.3395e-01
   3.9978e-01  -2.3335e-01
   4.0181e-01  -2.3150e-01
   4.0218e-01  -2.2977e-01
   4.0239e-01  -2.2929e-01
   4.0391e-01  -2.2880e-01
   4.0458e-01  -2.2579e-01
   4.0532e-01  -2.2278e-01
   4.0695e-01  -2.2115e-01
   4.0762e-01  -2.1919e-01
   4.0872e-01  -2.1751e-01
   4.1452e-01  -2.1566e-01
   4.1509e-01  -2.0779e-01
   4.1616e-01  -2.0476e-01
   4.1680e-01  -2.0052e-01
   4.1703e-01  -1.9521e-01
   4.1727e-01  -1.8712e-01
   4.1774e-01  -1.8559e-01
   4.1905e-01  -1.8194e-01
   4.2176e-01  -1.8016e-01
   4.2265e-01  -1.7625e-01
   4.2284e-01  -1.7478e-01
   4.2289e-01  -1.7332e-01
   4.2311e-01  -1.6756e-01
   4.2345e-01  -1.6388e-01
   4.2417e-01  -1.6374e-01
   4.2431e-01  -1.6195e-01
   4.2433e-01  -1.5763e-01
   4.2435e-01  -1.5510e-01
   4.2526e-01  -1.5395e-01
   4.2573e-01  -1.5261e-01
   4.2825e-01  -1.5152e-01
   4.2936e-01  -1.5113e-01
   4.2956e-01  -1.4933e-01
   4.2992e-01  -1.4537e-01
   4.3021e-01  -1.3791e-01
   4.3141e-01  -1.3477e-01
   4.3165e-01  -1.3000e-01
   4.3239e-01  -1.2649e-01
   4.3248e-01  -1.2502e-01
   4.3264e-01  -1.1657e-01
   4.3570e-01  -1.1488e-01
   4.3586e-01  -1.1272e-01
   4.3864e-01  -1.1144e-01
   4.3874e-01  -1.1027e-01
   4.3887e-01  -1.1018e-01
   4.4004e-01  -1.0719e-01
   4.4009e-01  -1.0667e-01
   4.4172e-01  -1.0065e-01
   4.4231e-01  -9.2121e-02
   4.4240e-01  -9.0967e-02
   4.4268e-01  -8.7409e-02
   4.4396e-01  -8.4225e-02
   4.4518e-01  -7.9234e-02
   4.4559e-01  -7.8796e-02
   4.4603e-01  -7.5449e-02
   4.4678e-01  -6.8349e-02
   4.4837e-01  -6.7240e-02
   4.5014e-01  -6.5615e-02
   4.5054e-01  -5.7090e-02
   4.5092e-01  -5.7081e-02
   4.5174e-01  -5.0833e-02
   4.5259e-01  -5.0531e-02
   4.5380e-01  -4.6879e-02
   4.5606e-01  -4.6592e-02
   4.5742e-01  -4.6003e-02
   4.5789e-01  -4.3989e-02
   4.5873e-01  -4.1663e-02
   4.5885e-01  -4.0399e-02
   4.6073e-01  -3.8824e-02
   4.6092e-01  -3.6443e-02
   4.6245e-01  -3.4841e-02
   4.6326e-01  -3.3356e-02
   4.6484e-01  -2.7561e-02
   4.6707e-01  -1.9362e-02
   4.6847e-01  -1.8328e-02
   4.6939e-01  -1.3643e-02
   4.7092e-01  -1.2760e-02
   4.7092e-01  -8.6966e-03
   4.7109e-01  -7.1347e-03
   4.7136e-01  -5.5828e-03
   4.7329e-01   6.2612e-04
   4.7349e-01   4.8544e-03
   4.7946e-01   5.3217e-03
   4.7952e-01   6.3317e-03
   4.7992e-01   7.5576e-03
   4.8202e-01   1.1354e-02
   4.8430e-01   1.1481e-02
   4.8448e-01   1.5113e-02
   4.8485e-01   1.6971e-02
   4.8523e-01   1.7344e-02
   4.8538e-01   1.8774e-02
   4.8679e-01   3.3688e-02
   4.8760e-01   3.6223e-02
   4.8861e-01   3.7765e-02
   4.8890e-01   4.0657e-02
   4.8925e-01   4.8390e-02
   4.8957e-01   5.1012e-02
   4.8969e-01   5.1220e-02
   4.8976e-01   5.2429e-02
   4.8990e-01   5.4046e-02
   4.9036e-01   5.4250e-02
   4.9086e-01   5.8320e-02
   4.9417e-01   6.1141e-02
   4.9501e-01   6.6869e-02
   4.9518e-01   6.7454e-02
   4.9809e-01   6.8602e-02
   4.9836e-01   6.9222e-02
   4.9912e-01   7.1430e-02
   5.0002e-01   7.5947e-02
   5.0047e-01   7.7669e-02
   5.0543e-01   7.7794e-02
   5.0564e-01   7.8189e-02
   5.0596e-01   8.0701e-02
   5.0786e-01   8.2538e-02
   5.0851e-01   8.3064e-02
   5.1077e-01   8.7046e-02
   5.1325e-01   8.8089e-02
   5.1338e-01   8.9252e-02
   5.1442e-01   9.3187e-02
   5.1656e-01   9.3917e-02
   5.1805e-01   9.5136e-02
   5.1859e-01   9.6393e-02
   5.2005e-01   1.0559e-01
   5.2114e-01   1.0848e-01
   5.2165e-01   1.1244e-01
   5.2189e-01   1.1727e-01
   5.2250e-01   1.1851e-01
   5.2505e-01   1.2228e-01
   5.2540e-01   1.2834e-01
   5.2610e-01   1.3544e-01
   5.2688e-01   1.3674e-01
   5.2714e-01   1.3829e-01
   5.2768e-01   1.3832e-01
   5.2853e-01   1.4123e-01
   5.3034e-01   1.4306e-01
   5.3063e-01   1.4461e-01
   5.3080e-01   1.4719e-01
   5.3086e-01   1.4784e-01
   5.3087e-01   1.4956e-01
   5.3121e-01   1.5330e-01
   5.3133e-01   1.5377e-01
   5.3283e-01   1.5624e-01
   5.3377e-01   1.5676e-01
   5.3406e-01   1.5780e-01
   5.3580e-01   1.6023e-01
   5.3834e-01   1.6304e-01
   5.3860e-01   1.6401e-01
   5.3913e-01   1.6673e-01
   5.3998e-01   1.6744e-01
   5.4074e-01   1.6841e-01
   5.4088e-01   1.6880e-01
   5.4389e-01   1.7359e-01
   5.4472e-01   1.7434e-01
   5.4645e-01   1.7506e-01
   5.4659e-01   1.7755e-01
   5.4681e-01   1.7887e-01
   5.4688e-01   1.7980e-01
   5.4701e-01   1.8100e-01
   5.4722e-01   1.8103e-01
   5.4787e-01   1.8117e-01
   5.4954e-01   1.8655e-01
   5.4972e-01   1.9441e-01
   5.4986e-01   1.9455e-01
   5.5016e-01   1.9522e-01
   5.5178e-01   1.9583e-01
   5.5229e-01   1.9995e-01
   5.5574e-01   2.0205e-01
   5.5667e-01   2.0530e-01
   5.5779e-01   2.0872e-01
   5.5832e-01   2.1183e-01
   5.5903e-01   2.1348e-01
   5.6056e-01   2.1411e-01
   5.6120e-01   2.1671e-01
   5.6186e-01   2.1774e-01
   5.6498e-01   2.1916e-01
   5.6782e-01   2.1945e-01
   5.6882e-01   2.2127e-01
   5.7371e-01   2.2261e-01
   5.7466e-01   2.2682e-01
   5.7521e-01   2.3596e-01
   5.7621e-01   2.3599e-01
   5.7672e-01   2.4058e-01
   5.7739e-01   2.4112e-01
   5.7853e-01   2.4255e-01
   5.7970e-01   2.4425e-01
   5.8009e-01   2.4519e-01
   5.8145e-01   2.4645e-01
   5.8225e-01   2.6112e-01
   5.8279e-01   2.6225e-01
   5.8299e-01   2.6414e-01
   5.8319e-01   2.6482e-01
   5.8407e-01   2.6565e-01
   5.8526e-01   2.6954e-01
   5.8527e-01   2.7015e-01
   5.8599e-01   2.7187e-01
   5.8609e-01   2.7207e-01
   5.8704e-01   2.7601e-01
   5.8803e-01   2.7746e-01
   5.8951e-01   2.7978e-01
   5.9436e-01   2.8184e-01
   5.9490e-01   2.8253e-01
   5.9721e-01   2.8740e-01
   5.9749e-01   2.8841e-01
   5.9794e-01   2.8938e-01
   5.9852e-01   2.8972e-01
   6.0198e-01   2.9173e-01
   6.0217e-01   2.9179e-01
   6.0284e-01   2.9420e-01
   6.0347e-01   2.9821e-01
   6.0353e-01   3.0241e-01
   6.0730e-01   3.0356e-01
   6.0739e-01   3.0975e-01
   6.0787e-01   3.2099e-01
   6.0986e-01   3.2118e-01
   6.0987e-01   3.2570e-01
   6.1096e-01   3.2753e-01
   6.1257e-01   3.2756e-01
   6.1346e-01   3.3188e-01
   6.1471e-01   3.3195e-01
   6.1604e-01   3.4037e-01
   6.1709e-01   3.5176e-01
   6.1767e-01   3.5302e-01
   6.2067e-01   3.5345e-01
   6.2096e-01   3.5391e-01
   6.2206e-01   3.5732e-01
   6.2248e-01   3.5846e-01
   6.2250e-01   3.6065e-01
   6.2406e-01   3.6159e-01
   6.2562e-01   3.6198e-01
   6.2596e-01   3.6421e-01
   6.2790e-01   3.6533e-01
   6.2797e-01   3.7147e-01
   6.2988e-01   3.7924e-01
   6.3107e-01   3.8471e-01
   6.3177e-01   3.8483e-01
   6.3236e-01   3.9293e-01
   6.3520e-01   3.9468e-01
   6.3566e-01   3.9532e-01
   6.3579e-01   3.9705e-01
   6.3771e-01   4.0073e-01
   6.3853e-01   4.0388e-01
   6.3932e-01   4.0432e-01
   6.4031e-01   4.0464e-01
   6.4072e-01   4.0807e-01
   6.4194e-01   4.1211e-01
   6.4206e-01   4.1231e-01
   6.4432e-01   4.1315e-01
   6.4444e-01   4.1450e-01
   6.4476e-01   4.1547e-01
   6.4555e-01   4.1781e-01
   6.4631e-01   4.1979e-01
   6.4731e-01   4.2736e-01
   6.4762e-01   4.2844e-01
   6.4775e-01   4.2889e-01
   6.4820e-01   4.3306e-01
   6.4899e-01   4.3314e-01
   6.4912e-01   4.3398e-01
   6.5369e-01   4.3399e-01
   6.5370e-01   4.3692e-01
   6.5376e-01   4.4106e-01
   6.5381e-01   4.4314e-01
   6.5408e-01   4.4876e-01
   6.5445e-01   4.5081e-01
   6.5510e-01   4.5187e-01
   6.5548e-01   4.5359e-01
   6.5550e-01   4.5666e-01
   6.5557e-01   4.5828e-01
   6.5574e-01   4.5845e-01
   6.5686e-01   4.5980e-01
   6.5961e-01   4.6079e-01
   6.6094e-01   4.6586e-01
   6.6194e-01   4.7552e-01
   6.6201e-01   4.8299e-01
   6.6281e-01   4.8554e-01
   6.6599e-01   4.9075e-01
   6.6634e-01   4.9423e-01
   6.6642e-01   4.9484e-01
   6.6653e-01   4.9790e-01
   6.6783e-01   5.0133e-01
   6.6792e-01   5.0175e-01
   6.6918e-01   5.0462e-01
   6.7120e-01   5.0571e-01
   6.7126e-01   5.0664e-01
   6.7143e-01   5.1081e-01
   6.7181e-01   5.1202e-01
   6.7329e-01   5.2014e-01
   6.7533e-01   5.2141e-01
   6.7539e-01   5.2202e-01
   6.7612e-01   5.2299e-01
   6.7865e-01   5.2648e-01
   6.7874e-01   5.2747e-01
   6.7902e-01   5.2786e-01
   6.7914e-01   5.3530e-01
   6.7970e-01   5.4031e-01
   6.7973e-01   5.4051e-01
   6.7973e-01   5.4096e-01
   6.8156e-01   5.4466e-01
   6.8197e-01   5.4581e-01
   6.8336e-01   5.4752e-01
   6.8342e-01   5.4923e-01
   6.8372e-01   5.5014e-01
   6.8410e-01   5.5095e-01
   6.8503e-01   5.5298e-01
   6.8554e-01   5.5300e-01
   6.8678e-01   5.5309e-01
   6.8780e-01   5.6049e-01
   6.8921e-01   5.6430e-01
   6.9253e-01   5.6506e-01
   6.9475e-01   5.6542e-01
   6.9483e-01   5.6839e-01
   6.9514e-01   5.7452e-01
   6.9516e-01   5.7563e-01
   6.9595e-01   5.7668e-01
   6.9627e-01   5.7894e-01
   6.9643e-01   5.8385e-01
   6.9667e-01   5.8425e-01
   6.9811e-01   5.9802e-01
   6.9875e-01   6.0107e-01
   6.9908e-01   6.0293e-01
   6.9989e-01   6.0606e-01
   7.0110e-01   6.0673e-01
   7.0270e-01   6.0924e-01
   7.0322e-01   6.0963e-01
   7.0405e-01   6.0985e-01
   7.0605e-01   6.1270e-01
   7.0672e-01   6.1317e-01
   7.0692e-01   6.1339e-01
   7.0725e-01   6.1630e-01
   7.0928e-01   6.1704e-01
   7.0936e-01   6.1988e-01
   7.1122e-01   6.2009e-01
   7.1269e-01   6.2545e-01
   7.1504e-01   6.2976e-01
   7.1521e-01   6.3291e-01
   7.1836e-01   6.3475e-01
   7.2105e-01   6.3614e-01
   7.2123e-01   6.3848e-01
   7.2176e-01   6.4302e-01
   7.2244e-01   6.4745e-01
   7.2272e-01   6.4776e-01
   7.2292e-01   6.5212e-01
   7.2866e-01   6.5322e-01
   7.2971e-01   6.5748e-01
   7.2975e-01   6.6112e-01
   7.3025e-01   6.6352e-01
   7.3033e-01   6.6428e-01
   7.3172e-01   6.6903e-01
   7.3434e-01   6.6937e-01
   7.3496e-01   6.7370e-01
   7.3627e-01   6.7440e-01
   7.3634e-01   6.7679e-01
   7.3784e-01   6.7840e-01
   7.3786e-01   6.8324e-01
   7.3843e-01   6.8648e-01
   7.3864e-01   6.8775e-01
   7.4003e-01   6.9535e-01
   7.4065e-01   6.9637e-01
   7.4125e-01   6.9719e-01
   7.4126e-01   7.1511e-01
   7.4255e-01   7.1634e-01
   7.4313e-01   7.1647e-01
   7.4369e-01   7.1725e-01
   7.4407e-01   7.1744e-01
   7.4469e-01   7.2306e-01
   7.4555e-01   7.2534e-01
   7.4631e-01   7.3038e-01
   7.4815e-01   7.3906e-01
   7.4862e-01   7.3928e-01
   7.4871e-01   7.4025e-01
   7.4913e-01   7.4248e-01
   7.5127e-01   7.4490e-01
   7.5195e-01   7.4954e-01
   7.5373e-01   7.5149e-01
   7.5469e-01   7.5296e-01
   7.5493e-01   7.5469e-01
   7.5508e-01   7.6120e-01
   7.5720e-01   7.6285e-01
   7.5774e-01   7.7416e-01
   7.5810e-01   7.7684e-01
   7.5811e-01   7.7945e-01
   7.5933e-01   7.8233e-01
   7.6143e-01   7.8239e-01
   7.6350e-01   7.8337e-01
   7.6390e-01   7.8678e-01
   7.6396e-01   7.8726e-01
   7.6550e-01   7.8801e-01
   7.6552e-01   7.9068e-01
   7.6733e-01   7.9318e-01
   7.6885e-01   7.9471e-01
   7.6896e-01   7.9480e-01
   7.6903e-01   7.9612e-01
   7.6911e-01   7.9726e-01
   7.7016e-01   8.0218e-01
   7.7029e-01   8.0338e-01
   7.7193e-01   8.0751e-01
   7.7198e-01   8.0826e-01
   7.7272e-01   8.0988e-01
   7.7491e-01   8.1988e-01
   7.7571e-01   8.2047e-01
   7.7724e-01   8.2526e-01
   7.7880e-01   8.2543e-01
   7.7905e-01   8.2839e-01
   7.7917e-01   8.3516e-01
   7.8018e-01   8.3684e-01
   7.8023e-01   8.5420e-01
   7.8025e-01   8.5861e-01
   7.8052e-01   8.5978e-01
   7.8138e-01   8.6392e-01
   7.8193e-01   8.6708e-01
   7.8443e-01   8.7073e-01
   7.8474e-01   8.7084e-01
   7.8556e-01   8.7514e-01
   7.8907e-01   8.7680e-01
   7.8936e-01   8.7763e-01
   7.8996e-01   8.8886e-01
   7.9041e-01   8.9278e-01
   7.9221e-01   8.9675e-01
   7.9428e-01   9.0004e-01
   7.9466e-01   9.0149e-01
   7.9483e-01   9.0194e-01
   7.9520e-01   9.1090e-01
   7.9618e-01   9.1426e-01
   7.9783e-01   9.1485e-01
   7.9835e-01   9.2393e-01
   7.9896e-01   9.2758e-01
   8.0007e-01   9.2983e-01
   8.0028e-01   9.3149e-01
   8.0033e-01   9.3450e-01
   8.0101e-01   9.3525e-01
   8.0135e-01   9.4927e-01
   8.0336e-01   9.5365e-01
   8.0549e-01   9.5947e-01
   8.0851e-01   9.6228e-01
   8.0920e-01   9.6798e-01
   8.1158e-01   9.7499e-01
   8.1428e-01   9.8243e-01
   8.1454e-01   9.8769e-01
   8.1472e-01   9.8938e-01
   8.1540e-01   9.9075e-01
   8.1614e-01   9.9144e-01
   8.1730e-01   9.9396e-01
   8.1755e-01   1.0036e+00
   8.1763e-01   1.0048e+00
   8.1776e-01   1.0093e+00
   8.1815e-01   1.0260e+00
   8.1820e-01   1.0262e+00
   8.1998e-01   1.0306e+00
   8.2119e-01   1.0336e+00
   8.2172e-01   1.0393e+00
   8.2346e-01   1.0437e+00
   8.2357e-01   1.0458e+00
   8.2438e-01   1.0486e+00
   8.2531e-01   1.0559e+00
   8.2558e-01   1.0624e+00
   8.2581e-01   1.0666e+00
   8.2582e-01   1.0724e+00
   8.3083e-01   1.0771e+00
   8.3138e-01   1.0772e+00
   8.3242e-01   1.0821e+00
   8.3292e-01   1.0890e+00
   8.3350e-01   1.0910e+00
   8.4072e-01   1.0945e+00
   8.4193e-01   1.0989e+00
   8.4221e-01   1.0992e+00
   8.4431e-01   1.0996e+00
   8.4439e-01   1.1002e+00
   8.4486e-01   1.1072e+00
   8.4518e-01   1.1077e+00
   8.4913e-01   1.1139e+00
   8.5071e-01   1.1283e+00
   8.5226e-01   1.1284e+00
   8.5300e-01   1.1301e+00
   8.5303e-01   1.1391e+00
   8.5410e-01   1.1393e+00
   8.5552e-01   1.1436e+00
   8.5894e-01   1.1458e+00
   8.5944e-01   1.1469e+00
   8.6044e-01   1.1522e+00
   8.6114e-01   1.1627e+00
   8.6198e-01   1.1654e+00
   8.6271e-01   1.1665e+00
   8.6544e-01   1.1726e+00
   8.6675e-01   1.1925e+00
   8.6693e-01   1.1929e+00
   8.6869e-01   1.1929e+00
   8.6929e-01   1.1933e+00
   8.6994e-01   1.1948e+00
   8.7111e-01   1.2020e+00
   8.7393e-01   1.2033e+00
   8.7537e-01   1.2128e+00
   8.7594e-01   1.2266e+00
   8.7901e-01   1.2372e+00
   8.7965e-01   1.2416e+00
   8.8187e-01   1.2750e+00
   8.8428e-01   1.2816e+00
   8.8517e-01   1.2823e+00
   8.8651e-01   1.2897e+00
   8.8777e-01   1.2901e+00
   8.9048e-01   1.2940e+00
   8.9075e-01   1.2960e+00
   8.9090e-01   1.2963e+00
   8.9092e-01   1.3025e+00
   8.9292e-01   1.3094e+00
   8.9439e-01   1.3142e+00
   8.9494e-01   1.3162e+00
   8.9719e-01   1.3373e+00
   8.9849e-01   1.3396e+00
   9.0005e-01   1.3412e+00
   9.0085e-01   1.3418e+00
   9.0272e-01   1.3419e+00
   9.0372e-01   1.3491e+00
   9.0472e-01   1.3623e+00
   9.0488e-01   1.3769e+00
   9.0513e-01   1.3798e+00
   9.0515e-01   1.3954e+00
   9.0579e-01   1.4089e+00
   9.0631e-01   1.4099e+00
   9.1065e-01   1.4126e+00
   9.1213e-01   1.4167e+00
   9.1329e-01   1.4230e+00
   9.1334e-01   1.4254e+00
   9.1338e-01   1.4371e+00
   9.1380e-01   1.4527e+00
   9.1574e-01   1.4561e+00
   9.1599e-01   1.4725e+00
   9.1719e-01   1.4896e+00
   9.1742e-01   1.5024e+00
   9.2033e-01   1.5081e+00
   9.2110e-01   1.5106e+00
   9.2338e-01   1.5110e+00
   9.2368e-01   1.5239e+00
   9.2831e-01   1.5338e+00
   9.2885e-01   1.5610e+00
   9.2926e-01   1.5724e+00
   9.2939e-01   1.5826e+00
   9.2961e-01   1.5833e+00
   9.3120e-01   1.5908e+00
   9.3261e-01   1.5970e+00
   9.3285e-01   1.5973e+00
   9.3376e-01   1.6050e+00
   9.3399e-01   1.6120e+00
   9.3401e-01   1.6199e+00
   9.3441e-01   1.6234e+00
   9.3573e-01   1.6321e+00
   9.3900e-01   1.6345e+00
   9.3914e-01   1.6484e+00
   9.3983e-01   1.6829e+00
   9.4205e-01   1.6865e+00
   9.4274e-01   1.6894e+00
   9.4301e-01   1.7351e+00
   9.4362e-01   1.7553e+00
   9.4479e-01   1.7690e+00
   9.4517e-01   1.7710e+00
   9.4793e-01   1.7813e+00
   9.4930e-01   1.7849e+00
   9.5022e-01   1.7909e+00
   9.5089e-01   1.8136e+00
   9.5163e-01   1.8179e+00
   9.5346e-01   1.8536e+00
   9.5613e-01   1.8551e+00
   9.5694e-01   1.8773e+00
   9.5717e-01   1.8851e+00
   9.5751e-01   1.8918e+00
   9.5769e-01   1.9153e+00
   9.5929e-01   1.9278e+00
   9.5949e-01   1.9437e+00
   9.5974e-01   1.9766e+00
   9.6190e-01   2.0001e+00
   9.6309e-01   2.0099e+00
   9.6442e-01   2.0783e+00
   9.6489e-01   2.1066e+00
   9.6865e-01   2.1257e+00
   9.7059e-01   2.1842e+00
   9.7060e-01   2.2233e+00
   9.7274e-01   2.2461e+00
   9.7297e-01   2.2878e+00
   9.7868e-01   2.2957e+00
   9.7975e-01   2.3156e+00
   9.8164e-01   2.3206e+00
   9.8230e-01   2.3652e+00
   9.8266e-01   2.3742e+00
   9.8284e-01   2.4124e+00
   9.8305e-01   2.4366e+00
   9.8406e-01   2.4868e+00
   9.8440e-01   2.5383e+00
   9.8793e-01   2.6173e+00
   9.8798e-01   2.6830e+00
   9.8842e-01   2.7292e+00
   9.8891e-01   2.7304e+00
   9.8987e-01   2.7335e+00
   9.8995e-01   2.7485e+00
   9.9370e-01   2.7526e+00
   9.9539e-01   2.9491e+00
   9.9613e-01   3.1585e+00
   9.9908e-01   3.4075e+00
   9.9949e-01   3.5699e+00